9 57 0.999900
8 56 0.999879
28 97 0.999865
79 100 0.999828
7 55 0.999800
81 98 0.999796
80 99 0.999762
32 99 0.999758
6 54 0.999718
10 58 0.999709
9 98 0.999691
8 99 0.999529
10 97 0.999470
11 59 0.999455
8 25 0.999407
79 99 0.999383
8 57 0.999375
8 55 0.999335
82 96 0.999174
83 95 0.999071
77 100 0.998722
6 55 0.998713
24 96 0.998609
5 105 0.998416
9 97 0.998391
10 57 0.998359
31 80 0.998281
8 97 0.998272
7 100 0.998240
59 65 0.998079
78 101 0.997659
28 82 0.997638
10 21 0.997000
28 99 0.996950
27 82 0.996186
83 96 0.996183
31 82 0.995885
25 97 0.995524
8 98 0.995381
24 97 0.995293
10 59 0.995267
5 108 0.995249
7 57 0.994836
5 53 0.994630
10 25 0.994495
72 100 0.994009
9 59 0.994008
69 79 0.993827
83 94 0.993747
8 54 0.993620
5 103 0.993130
7 108 0.992916
84 96 0.992466
6 53 0.992292
10 56 0.992199
80 98 0.992056
81 95 0.991955
29 99 0.991069
84 94 0.990812
8 29 0.990468
82 95 0.990351
4 103 0.989946
82 97 0.989625
72 79 0.988910
68 98 0.985694
69 98 0.985398
5 102 0.985051
81 97 0.984968
24 84 0.984852
78 100 0.983904
4 102 0.983766
77 101 0.983643
7 99 0.983357
3 105 0.983004
37 44 0.981639
100 108 0.980389
72 111 0.979410
32 80 0.979158
5 55 0.976959
9 68 0.975803
9 65 0.974668
6 101 0.973343
4 104 0.972561
6 102 0.972338
79 98 0.972032
10 96 0.972015
11 96 0.971328
6 99 0.970924
6 29 0.970677
6 32 0.969902
36 101 0.968541
83 93 0.966803
8 28 0.964965
32 101 0.964494
71 111 0.964369
75 107 0.964018
12 58 0.963938
68 115 0.959195
12 60 0.953838
77 102 0.948337
57 115 0.945889
75 111 0.943935
3 104 0.943004
33 44 0.942253
57 117 0.941698
9 100 0.939094
11 60 0.939060
11 65 0.938799
65 98 0.938042
7 112 0.937195
73 79 0.936034
36 44 0.934076
14 94 0.932778
11 62 0.932380
35 78 0.929282
11 61 0.924356
77 103 0.921966
5 54 0.920321
4 105 0.917885
28 98 0.917802
35 80 0.916709
24 82 0.914897
14 96 0.914507
100 111 0.913233
11 95 0.902689
68 111 0.894026
82 98 0.886238
84 93 0.885560
2 104 0.879397
9 115 0.878527
59 115 0.878456
59 68 0.876190
55 117 0.874694
4 53 0.873756
8 100 0.871033
77 111 0.870794
31 99 0.861721
57 116 0.857968
65 95 0.856714
58 115 0.855261
5 104 0.853990
58 116 0.852300
79 101 0.846964
7 101 0.846746
2 105 0.842528
56 117 0.836631
4 47 0.836318
28 80 0.833691
11 58 0.828480
32 100 0.826266
72 98 0.825808
69 81 0.819757
23 84 0.817959
10 22 0.817453
100 112 0.816859
27 84 0.814536
20 84 0.806847
11 97 0.806064
81 99 0.801063
20 89 0.785996
14 21 0.784582
77 108 0.780783
32 78 0.780130
9 112 0.773631
57 68 0.769020
65 96 0.766704
6 100 0.766333
43 103 0.761828
12 59 0.760742
27 97 0.759760
7 54 0.757019
77 107 0.751130
17 89 0.750584
85 93 0.746358
33 47 0.742803
5 52 0.736407
6 52 0.733484
62 95 0.714658
43 102 0.713991
7 102 0.712853
65 81 0.712781
16 89 0.707018
57 65 0.706363
4 52 0.703877
36 43 0.702125
20 86 0.694609
6 47 0.679480
98 115 0.665949
13 61 0.657837
12 95 0.657662
55 108 0.648907
36 78 0.647468
64 115 0.644255
85 92 0.635909
57 112 0.625132
82 99 0.622973
4 43 0.622038
76 103 0.621607
58 117 0.610698
7 111 0.600052
40 101 0.598995
53 105 0.598926
2 106 0.591088
84 90 0.589370
4 50 0.584368
43 101 0.575574
4 46 0.574047
21 96 0.570330
35 101 0.569583
75 110 0.567494
33 101 0.561646
9 99 0.560056
9 58 0.559887
6 33 0.559834
10 98 0.559380
59 116 0.548081
11 94 0.546820
26 54 0.543980
101 108 0.540415
30 54 0.538314
30 52 0.537534
3 53 0.526786
12 61 0.522432
7 77 0.520855
20 96 0.520789
7 103 0.511879
60 116 0.504184
76 107 0.503128
25 96 0.501497
36 102 0.496343
14 95 0.494144
80 100 0.493826
68 112 0.487528
16 24 0.481488
7 72 0.480962
34 44 0.478269
6 103 0.473153
10 95 0.470581
84 92 0.465586
72 78 0.463463
12 94 0.461044
7 56 0.455661
26 56 0.453199
16 96 0.449347
16 90 0.447216
16 94 0.446335
84 95 0.445205
13 60 0.445079
47 102 0.444195
29 54 0.438025
53 108 0.432955
103 111 0.430998
4 36 0.417724
14 90 0.417488
40 103 0.415420
84 91 0.413065
36 103 0.406192
3 50 0.393543
85 91 0.390445
66 95 0.388439
5 47 0.384502
60 114 0.382536
13 62 0.381033
9 56 0.378735
20 88 0.375091
86 92 0.372351
8 26 0.371691
2 46 0.370228
7 109 0.369014
40 102 0.368037
44 102 0.364797
5 109 0.364699
71 114 0.364598
32 79 0.362248
85 94 0.361805
78 102 0.359505
59 114 0.358479
75 103 0.355699
80 101 0.355689
2 50 0.354507
10 16 0.351993
40 78 0.346890
10 24 0.342793
76 102 0.339099
60 115 0.338724
14 62 0.330539
4 51 0.329700
3 46 0.325917
68 114 0.323182
12 93 0.318582
11 98 0.317637
6 44 0.315478
43 104 0.313215
72 108 0.312326
28 96 0.311971
68 100 0.310617
64 114 0.307836
13 94 0.306854
33 52 0.306492
11 64 0.306283
37 43 0.304362
78 103 0.297346
68 79 0.293985
66 81 0.290460
24 83 0.289357
33 48 0.284152
1 105 0.282555
44 101 0.276017
36 47 0.273510
14 61 0.272029
14 58 0.268887
86 93 0.264774
47 53 0.264027
5 101 0.260164
10 18 0.258979
83 92 0.252749
34 80 0.247334
81 96 0.243504
24 86 0.242234
15 94 0.242118
6 80 0.236306
12 18 0.234610
62 83 0.233316
29 97 0.233316
39 78 0.228471
34 48 0.227002
3 106 0.223835
55 111 0.223121
12 21 0.223011
20 85 0.219370
80 97 0.219357
6 108 0.218989
1 46 0.217412
16 86 0.216502
7 68 0.215721
55 112 0.213077
8 32 0.212298
1 50 0.211166
5 107 0.210780
75 108 0.208162
27 54 0.207201
37 45 0.206947
98 111 0.206226
1 104 0.203917
31 81 0.203317
3 52 0.201240
4 44 0.198169
20 87 0.197689
1 106 0.197595
35 79 0.197238
75 102 0.194244
14 60 0.193872
9 25 0.193444
12 96 0.191077
4 101 0.189473
69 95 0.189218
32 111 0.189118
25 56 0.188847
4 40 0.188399
102 108 0.186516
14 59 0.186058
47 100 0.185640
39 103 0.184621
14 65 0.183969
14 93 0.179718
100 115 0.179673
23 86 0.178627
62 96 0.178243
65 115 0.178193
28 81 0.177619
13 95 0.175179
53 102 0.173259
57 111 0.173256
9 69 0.172799
6 36 0.172206
10 94 0.170534
22 56 0.167270
53 103 0.165348
39 101 0.164114
3 51 0.164044
56 82 0.162095
71 115 0.161508
17 90 0.159336
2 51 0.156583
65 97 0.156342
3 47 0.156286
35 111 0.154834
33 99 0.152417
32 102 0.150911
14 89 0.150774
16 88 0.150398
72 102 0.149791
98 112 0.148723
57 100 0.148193
6 43 0.148031
69 100 0.147879
4 48 0.147119
44 100 0.146196
71 110 0.144223
43 107 0.143790
55 102 0.142003
25 82 0.138890
24 85 0.137980
47 101 0.136520
9 117 0.134161
64 116 0.131783
27 83 0.131073
37 48 0.130926
72 101 0.130734
86 94 0.130245
33 43 0.130201
100 107 0.129851
17 86 0.128504
4 78 0.125008
14 91 0.123985
108 115 0.123390
3 43 0.123057
20 90 0.122216
72 112 0.122081
20 94 0.121279
23 96 0.121259
13 93 0.121016
11 21 0.120907
25 99 0.118745
26 55 0.116677
36 111 0.114532
4 33 0.113852
4 42 0.111451
21 97 0.109398
13 96 0.106849
90 96 0.106723
67 114 0.106077
21 86 0.105549
109 115 0.102304
72 103 0.102268
8 82 0.102164
23 56 0.101864
23 85 0.101677
35 99 0.100095
32 115 0.099362
28 84 0.098985
72 107 0.098241
43 78 0.098006
4 32 0.098000
7 115 0.097992
16 84 0.097884
33 54 0.096819
1 51 0.096324
72 99 0.096266
2 49 0.092154
21 89 0.091923
31 97 0.091200
69 80 0.090489
34 52 0.089919
29 80 0.089914
6 28 0.089040
10 65 0.088945
9 111 0.088380
46 102 0.087367
29 101 0.086204
62 81 0.086157
53 87 0.086125
35 114 0.085272
9 79 0.084465
83 90 0.083271
55 100 0.082411
65 83 0.082147
10 90 0.081117
5 77 0.080391
24 56 0.080101
67 115 0.078470
2 42 0.077719
37 47 0.077681
2 43 0.077572
47 103 0.077360
17 88 0.076996
9 64 0.076951
57 98 0.076782
59 96 0.074575
30 53 0.073772
38 78 0.072919
57 64 0.072818
15 89 0.071507
24 95 0.071215
36 99 0.070447
78 99 0.070439
18 117 0.069756
4 37 0.069202
54 102 0.068563
30 47 0.068523
76 104 0.068446
11 117 0.068004
30 82 0.067650
36 80 0.067558
22 117 0.067372
9 96 0.066661
47 54 0.066364
31 115 0.064909
1 49 0.064706
14 24 0.064122
59 95 0.063889
40 107 0.062853
19 89 0.062071
35 115 0.061343
59 81 0.061148
3 42 0.061003
2 53 0.060025
2 52 0.059756
83 97 0.059570
19 86 0.059467
15 90 0.058990
29 52 0.058408
21 84 0.057546
71 112 0.057355
7 98 0.057281
98 117 0.057223
21 117 0.056986
39 102 0.055783
29 56 0.055722
37 101 0.055495
24 87 0.055287
1 53 0.054984
58 114 0.054629
30 48 0.053924
5 112 0.053509
105 117 0.053461
2 47 0.053425
34 47 0.053385
32 98 0.053235
32 97 0.053183
22 58 0.052669
32 82 0.052317
15 93 0.051477
16 91 0.051246
25 54 0.051168
12 62 0.051084
108 117 0.050768
57 108 0.049399
59 98 0.049166
4 49 0.048977
1 43 0.048934
52 102 0.048426
1 42 0.048383
6 82 0.047618
3 49 0.047064
16 87 0.046859
27 56 0.046664
42 107 0.044663
36 107 0.044202
28 115 0.044096
21 87 0.043982
44 103 0.043944
73 100 0.043804
14 92 0.043573
89 96 0.042499
75 104 0.042347
19 58 0.042052
24 98 0.041953
4 80 0.041905
53 104 0.041600
53 107 0.041120
28 54 0.040865
83 91 0.040574
54 108 0.040470
11 93 0.040178
44 80 0.040031
21 90 0.039907
24 88 0.039633
5 44 0.039531
47 55 0.039077
35 102 0.039068
15 62 0.038980
55 115 0.038763
54 80 0.038110
16 95 0.037444
5 50 0.037406
23 88 0.037340
9 62 0.037223
11 90 0.037223
1 47 0.036832
59 117 0.036736
1 52 0.036233
53 85 0.036050
42 103 0.035746
2 48 0.035436
24 94 0.035357
46 103 0.035230
46 104 0.034678
14 56 0.034552
3 48 0.034337
39 107 0.033994
61 116 0.033896
15 21 0.033679
19 88 0.033657
13 91 0.032983
46 52 0.032968
71 77 0.032727
40 80 0.032716
70 79 0.032517
69 96 0.032364
14 20 0.031788
39 111 0.031622
17 87 0.031300
8 101 0.031238
9 72 0.031198
1 48 0.030563
3 44 0.030521
28 117 0.030415
40 111 0.030409
42 104 0.030155
1 45 0.029902
59 67 0.029497
37 103 0.029320
16 93 0.029310
17 91 0.029251
47 80 0.028700
24 89 0.028530
33 102 0.028508
87 94 0.028429
96 117 0.028120
40 104 0.027961
3 45 0.027513
43 80 0.027429
21 56 0.027279
75 100 0.027270
48 54 0.026420
66 96 0.026316
22 115 0.026103
39 110 0.025914
4 45 0.025673
33 78 0.025561
6 48 0.025480
37 78 0.025281
38 44 0.025122
18 116 0.025036
77 104 0.025015
109 117 0.024939
32 112 0.024920
7 29 0.024905
25 117 0.024744
11 18 0.024353
36 100 0.024342
2 45 0.024160
23 89 0.024112
14 84 0.023945
15 60 0.023929
43 108 0.023912
83 89 0.023864
3 78 0.023833
17 94 0.023724
27 96 0.023705
13 58 0.023693
8 112 0.023690
53 86 0.023623
14 97 0.023595
23 82 0.023563
4 41 0.023231
101 111 0.023118
101 107 0.022926
74 111 0.022755
100 117 0.022446
8 22 0.022330
15 61 0.022178
4 39 0.022110
27 85 0.022037
15 92 0.021988
1 40 0.021670
5 43 0.021574
36 77 0.021487
88 94 0.021395
18 115 0.021144
12 92 0.020765
7 69 0.020729
54 82 0.020668
66 98 0.020532
4 108 0.020497
5 51 0.020328
41 101 0.020251
9 116 0.019997
26 52 0.019745
14 64 0.019736
2 40 0.019693
7 79 0.019677
54 100 0.019535
109 116 0.019486
16 92 0.019369
84 97 0.019271
3 40 0.019262
55 105 0.019018
25 98 0.019014
7 113 0.018570
52 100 0.018051
96 115 0.017942
8 85 0.017861
71 100 0.017816
51 105 0.017767
24 90 0.017566
57 113 0.016975
58 112 0.016942
36 42 0.016899
58 64 0.016890
87 93 0.016818
39 104 0.016775
3 103 0.016637
12 91 0.016528
43 100 0.016386
5 111 0.016300
35 103 0.016258
16 59 0.016213
85 96 0.016036
12 90 0.016026
69 97 0.015974
21 88 0.015961
29 115 0.015866
3 36 0.015720
2 78 0.015439
68 81 0.015428
23 87 0.015355
16 25 0.015317
7 105 0.015311
44 78 0.015269
72 115 0.015159
62 94 0.015137
44 52 0.014898
55 68 0.014782
16 58 0.014729
53 100 0.014707
105 116 0.014707
42 102 0.014696
2 107 0.014600
13 92 0.014565
54 97 0.014522
59 112 0.014438
1 78 0.014415
41 102 0.014377
58 65 0.014175
76 111 0.014093
56 84 0.013891
32 108 0.013883
55 103 0.013786
5 46 0.013741
65 79 0.013566
13 59 0.013511
31 114 0.013383
23 58 0.013340
15 91 0.013327
87 96 0.013270
64 117 0.012993
55 109 0.012925
57 114 0.012899
11 115 0.012873
30 55 0.012866
5 106 0.012810
36 108 0.012739
1 102 0.012671
36 76 0.012611
14 82 0.012582
25 115 0.012475
29 100 0.012433
56 108 0.012404
59 97 0.012393
27 52 0.012332
32 77 0.012240
41 103 0.012146
29 55 0.012077
38 80 0.012044
10 91 0.011951
86 96 0.011856
31 78 0.011856
69 111 0.011818
19 84 0.011806
31 111 0.011789
31 117 0.011780
8 44 0.011771
105 115 0.011742
61 115 0.011694
13 65 0.011649
47 82 0.011590
57 96 0.011589
24 54 0.011511
55 85 0.011499
6 30 0.011498
14 86 0.011357
102 111 0.011332
44 54 0.011288
15 96 0.011245
57 79 0.011214
66 83 0.011186
55 99 0.011141
5 36 0.011083
21 94 0.010989
28 56 0.010988
10 28 0.010963
39 76 0.010904
2 109 0.010790
5 72 0.010645
57 97 0.010589
1 41 0.010563
54 103 0.010371
23 97 0.010344
5 100 0.010289
1 39 0.010278
52 98 0.010240
41 78 0.010212
14 98 0.010102
18 58 0.010073
61 114 0.010009
58 84 0.010003
100 109 0.009944
60 117 0.009874
62 84 0.009824
56 103 0.009818
43 105 0.009804
30 56 0.009796
12 89 0.009707
2 44 0.009640
1 107 0.009622
14 88 0.009534
1 109 0.009364
29 117 0.009306
26 84 0.009305
27 80 0.009260
25 58 0.009219
2 41 0.009184
58 111 0.009142
16 60 0.009064
52 80 0.009026
26 97 0.008982
16 56 0.008863
55 72 0.008796
68 99 0.008711
1 36 0.008667
25 84 0.008661
16 85 0.008653
53 109 0.008604
2 108 0.008576
2 103 0.008564
68 96 0.008493
53 101 0.008480
19 96 0.008395
14 117 0.008374
88 96 0.008352
3 102 0.008224
3 41 0.008201
41 107 0.008199
4 35 0.008178
34 78 0.008082
10 117 0.008079
20 56 0.008061
4 38 0.007941
3 108 0.007850
48 100 0.007782
16 117 0.007766
68 117 0.007737
28 112 0.007734
56 102 0.007696
30 99 0.007695
26 57 0.007694
19 56 0.007692
99 111 0.007683
76 101 0.007663
9 113 0.007660
19 117 0.007634
44 104 0.007586
54 98 0.007481
47 99 0.007443
22 116 0.007426
2 39 0.007329
5 32 0.007308
55 79 0.007302
56 100 0.007301
11 68 0.007275
56 96 0.007273
8 24 0.007256
5 33 0.007237
10 93 0.007236
11 63 0.007192
35 77 0.007133
65 82 0.007119
13 90 0.007069
32 103 0.007058
71 113 0.007040
14 25 0.006989
26 58 0.006973
21 58 0.006837
20 95 0.006748
65 117 0.006724
32 114 0.006720
10 85 0.006701
56 112 0.006699
47 105 0.006651
33 51 0.006634
2 36 0.006614
72 110 0.006601
23 94 0.006596
6 40 0.006588
76 108 0.006576
47 104 0.006561
29 111 0.006550
31 52 0.006508
1 108 0.006491
38 103 0.006474
13 21 0.006448
44 82 0.006406
52 103 0.006393
43 111 0.006342
24 117 0.006336
39 80 0.006311
29 47 0.006303
6 46 0.006299
62 85 0.006275
16 82 0.006252
40 77 0.006232
111 117 0.006176
46 105 0.006172
12 116 0.006164
1 37 0.006163
71 107 0.006141
42 78 0.006134
44 99 0.006121
16 22 0.006045
65 94 0.006038
27 117 0.006037
14 57 0.005935
13 89 0.005920
42 101 0.005885
44 108 0.005880
40 100 0.005876
55 98 0.005871
53 84 0.005859
19 87 0.005848
17 92 0.005813
12 117 0.005804
61 95 0.005758
57 99 0.005757
52 105 0.005748
33 53 0.005739
27 86 0.005679
29 53 0.005658
44 107 0.005650
55 77 0.005644
54 85 0.005620
35 110 0.005618
32 117 0.005615
69 77 0.005581
26 53 0.005578
57 69 0.005554
56 85 0.005539
56 98 0.005535
28 100 0.005529
6 37 0.005522
69 78 0.005509
98 108 0.005505
64 96 0.005496
3 39 0.005471
33 80 0.005451
30 117 0.005449
30 51 0.005438
6 50 0.005421
35 107 0.005420
1 44 0.005404
28 111 0.005402
39 114 0.005388
9 114 0.005378
10 87 0.005376
5 48 0.005374
30 80 0.005336
29 98 0.005329
35 76 0.005322
65 100 0.005307
48 102 0.005279
44 55 0.005265
18 89 0.005261
5 75 0.005221
71 98 0.005166
45 102 0.005149
23 54 0.005117
35 100 0.005058
56 116 0.005052
21 95 0.005027
41 104 0.005003
44 98 0.004996
40 76 0.004992
4 54 0.004954
27 55 0.004944
28 83 0.004891
1 103 0.004878
30 44 0.004874
10 89 0.004874
11 91 0.004859
108 116 0.004797
26 117 0.004779
36 104 0.004759
6 35 0.004733
10 82 0.004731
33 111 0.004728
6 77 0.004716
11 116 0.004709
56 97 0.004683
37 102 0.004608
55 87 0.004607
2 102 0.004602
2 37 0.004569
13 64 0.004520
33 103 0.004509
12 65 0.004500
54 99 0.004491
62 90 0.004457
55 97 0.004435
36 48 0.004391
10 62 0.004386
6 31 0.004380
31 79 0.004375
36 79 0.004341
12 87 0.004338
68 113 0.004329
69 99 0.004298
52 82 0.004275
62 93 0.004265
11 92 0.004239
3 37 0.004183
28 79 0.004177
10 115 0.004127
54 105 0.004111
39 77 0.004082
29 82 0.004082
52 85 0.004071
17 84 0.004066
43 77 0.003975
14 87 0.003972
53 82 0.003959
19 59 0.003952
68 108 0.003937
11 87 0.003933
5 78 0.003921
103 112 0.003919
56 99 0.003903
53 111 0.003900
33 41 0.003892
59 83 0.003870
16 61 0.003861
108 114 0.003833
52 99 0.003816
53 88 0.003752
43 79 0.003716
22 57 0.003711
7 117 0.003690
32 54 0.003676
40 108 0.003666
33 115 0.003593
19 90 0.003576
12 64 0.003567
103 117 0.003548
54 117 0.003537
31 116 0.003477
61 117 0.003457
22 54 0.003455
1 38 0.003455
6 105 0.003429
40 47 0.003423
6 51 0.003411
101 112 0.003380
38 101 0.003377
35 44 0.003342
15 86 0.003337
15 88 0.003335
11 89 0.003330
22 96 0.003283
68 97 0.003281
52 87 0.003280
67 111 0.003262
32 47 0.003262
29 112 0.003225
32 44 0.003217
99 115 0.003215
3 109 0.003212
3 107 0.003212
47 108 0.003179
55 82 0.003178
64 112 0.003174
17 93 0.003151
51 85 0.003149
20 58 0.003074
11 66 0.003058
64 95 0.002972
59 100 0.002962
57 82 0.002905
17 85 0.002905
21 115 0.002901
19 85 0.002899
33 45 0.002892
20 91 0.002889
36 110 0.002874
19 94 0.002871
99 112 0.002868
71 79 0.002854
31 84 0.002853
28 85 0.002852
26 82 0.002844
57 85 0.002831
2 80 0.002792
38 76 0.002786
53 97 0.002771
10 19 0.002771
77 110 0.002743
48 55 0.002738
58 113 0.002737
55 107 0.002716
44 111 0.002715
34 43 0.002715
14 85 0.002712
11 81 0.002708
55 101 0.002707
9 108 0.002698
8 47 0.002673
53 89 0.002667
13 63 0.002667
17 117 0.002652
51 102 0.002648
12 114 0.002618
9 77 0.002610
27 53 0.002574
36 75 0.002568
21 85 0.002554
9 101 0.002546
6 79 0.002544
53 80 0.002535
89 95 0.002526
3 38 0.002518
11 84 0.002516
82 94 0.002509
1 80 0.002508
9 81 0.002501
2 38 0.002487
7 75 0.002463
40 79 0.002461
68 95 0.002458
54 84 0.002454
26 115 0.002450
25 57 0.002436
34 82 0.002419
10 88 0.002408
9 82 0.002401
13 117 0.002373
57 87 0.002365
33 100 0.002345
102 117 0.002342
10 84 0.002329
25 55 0.002319
68 77 0.002298
15 58 0.002296
57 84 0.002295
57 102 0.002272
10 92 0.002264
65 114 0.002239
68 116 0.002232
51 87 0.002230
34 45 0.002230
23 90 0.002209
36 115 0.002199
27 115 0.002197
7 107 0.002182
4 55 0.002151
75 106 0.002138
54 87 0.002131
66 79 0.002121
23 117 0.002118
20 97 0.002107
53 99 0.002089
52 97 0.002079
37 76 0.002060
73 80 0.002051
60 95 0.002041
41 80 0.002040
23 57 0.002012
97 117 0.002005
63 95 0.002004
11 88 0.001999
102 112 0.001983
21 116 0.001963
46 80 0.001960
44 53 0.001932
33 40 0.001931
53 83 0.001927
90 97 0.001921
30 115 0.001921
12 97 0.001921
10 60 0.001918
65 99 0.001917
15 95 0.001916
36 45 0.001911
31 54 0.001906
42 108 0.001904
5 80 0.001899
18 86 0.001886
4 34 0.001884
6 85 0.001881
52 86 0.001877
2 76 0.001864
59 111 0.001858
65 116 0.001847
31 98 0.001844
60 96 0.001842
14 22 0.001833
95 117 0.001826
37 107 0.001825
5 45 0.001812
50 105 0.001808
13 87 0.001805
79 102 0.001804
97 115 0.001792
75 101 0.001777
9 66 0.001771
20 82 0.001769
99 108 0.001763
25 116 0.001761
37 80 0.001757
61 96 0.001756
34 115 0.001756
61 83 0.001752
14 63 0.001750
57 72 0.001737
8 84 0.001735
29 102 0.001735
19 116 0.001734
44 77 0.001732
56 115 0.001730
54 96 0.001727
24 57 0.001712
58 108 0.001707
36 114 0.001700
1 101 0.001698
65 84 0.001697
1 76 0.001676
33 50 0.001673
103 109 0.001670
77 112 0.001666
27 99 0.001664
32 52 0.001654
43 106 0.001649
106 117 0.001649
33 55 0.001646
98 116 0.001645
28 52 0.001644
7 32 0.001640
53 90 0.001636
4 77 0.001635
35 41 0.001621
85 95 0.001610
64 98 0.001607
56 111 0.001600
32 107 0.001598
40 110 0.001596
19 115 0.001592
80 95 0.001578
51 104 0.001577
72 80 0.001575
8 115 0.001568
7 85 0.001563
28 95 0.001551
104 116 0.001532
103 116 0.001530
25 95 0.001529
45 104 0.001523
16 97 0.001495
53 106 0.001494
34 54 0.001484
31 101 0.001482
53 117 0.001471
75 112 0.001464
35 108 0.001461
46 53 0.001443
50 102 0.001430
52 84 0.001426
4 100 0.001424
74 107 0.001421
22 59 0.001406
6 26 0.001402
8 21 0.001399
54 86 0.001399
17 96 0.001399
33 46 0.001386
55 86 0.001384
75 105 0.001373
7 65 0.001371
22 84 0.001371
23 83 0.001366
8 33 0.001362
32 81 0.001362
62 92 0.001355
73 98 0.001350
28 114 0.001349
43 55 0.001347
14 116 0.001342
23 95 0.001339
43 76 0.001337
20 117 0.001331
47 98 0.001330
20 93 0.001330
3 76 0.001327
24 58 0.001322
6 81 0.001319
40 105 0.001317
42 80 0.001309
59 94 0.001302
98 114 0.001292
55 84 0.001292
15 63 0.001291
21 57 0.001287
22 86 0.001286
47 85 0.001267
52 108 0.001261
46 101 0.001261
42 105 0.001257
29 51 0.001257
10 17 0.001252
6 39 0.001247
28 116 0.001240
5 49 0.001229
16 23 0.001227
35 82 0.001220
60 112 0.001198
65 112 0.001196
12 115 0.001195
6 83 0.001186
31 83 0.001183
59 113 0.001182
56 86 0.001182
3 80 0.001182
100 116 0.001178
4 79 0.001177
6 112 0.001172
8 88 0.001170
39 105 0.001170
11 82 0.001167
6 109 0.001166
21 98 0.001164
10 99 0.001164
34 101 0.001162
110 116 0.001162
34 41 0.001157
27 57 0.001156
18 90 0.001151
59 84 0.001144
105 112 0.001144
60 113 0.001140
24 115 0.001126
53 112 0.001124
17 116 0.001121
6 34 0.001115
51 86 0.001111
76 110 0.001108
51 103 0.001106
56 87 0.001102
5 40 0.001101
47 78 0.001101
104 117 0.001098
72 81 0.001082
62 91 0.001082
70 81 0.001072
1 55 0.001069
62 88 0.001068
62 82 0.001065
45 103 0.001065
78 107 0.001064
6 78 0.001063
28 55 0.001056
18 114 0.001052
14 115 0.001051
20 92 0.001049
37 52 0.001046
6 38 0.001044
42 111 0.001041
31 112 0.001040
34 51 0.001039
11 25 0.001039
32 43 0.001031
30 50 0.001026
63 116 0.001019
58 68 0.001004
99 117 0.001000
76 105 0.000998
3 33 0.000998
73 102 0.000988
69 115 0.000988
66 93 0.000984
53 91 0.000981
35 112 0.000962
9 28 0.000954
40 48 0.000951
39 75 0.000951
15 87 0.000946
62 87 0.000934
36 105 0.000934
72 104 0.000933
25 112 0.000933
56 80 0.000926
4 29 0.000924
33 108 0.000924
27 88 0.000924
37 46 0.000922
66 94 0.000921
16 62 0.000920
27 81 0.000915
57 81 0.000914
58 105 0.000903
64 111 0.000894
74 110 0.000891
51 107 0.000891
35 43 0.000891
29 57 0.000890
31 48 0.000886
5 42 0.000884
11 17 0.000884
54 101 0.000881
56 105 0.000880
38 107 0.000877
35 75 0.000872
12 88 0.000863
9 61 0.000862
32 72 0.000858
110 117 0.000855
6 42 0.000852
62 116 0.000849
40 99 0.000838
50 104 0.000833
67 116 0.000832
51 84 0.000832
94 117 0.000828
3 101 0.000827
10 86 0.000827
7 71 0.000823
52 101 0.000822
82 90 0.000816
80 102 0.000815
18 88 0.000808
91 97 0.000803
73 101 0.000802
8 90 0.000797
80 108 0.000790
44 79 0.000788
61 85 0.000785
101 117 0.000783
38 45 0.000782
29 108 0.000780
35 117 0.000771
11 85 0.000770
41 76 0.000769
11 86 0.000769
103 115 0.000769
1 33 0.000764
10 116 0.000762
64 113 0.000758
12 86 0.000752
17 58 0.000751
38 102 0.000749
33 117 0.000749
7 110 0.000747
51 100 0.000744
10 26 0.000744
13 88 0.000741
34 111 0.000737
27 87 0.000735
11 57 0.000734
62 89 0.000733
16 98 0.000732
82 115 0.000731
7 78 0.000731
52 78 0.000727
15 64 0.000718
53 77 0.000714
44 105 0.000711
7 53 0.000708
39 79 0.000704
71 108 0.000702
39 108 0.000698
76 100 0.000697
1 35 0.000696
105 114 0.000693
6 41 0.000691
58 85 0.000691
56 101 0.000690
69 82 0.000688
4 106 0.000685
9 60 0.000680
69 112 0.000677
37 104 0.000676
78 104 0.000675
14 81 0.000672
5 76 0.000670
8 117 0.000668
18 94 0.000665
59 85 0.000661
28 53 0.000656
107 113 0.000652
25 86 0.000645
9 22 0.000643
34 117 0.000641
2 33 0.000637
100 110 0.000637
82 117 0.000634
9 95 0.000633
5 99 0.000632
89 97 0.000628
8 27 0.000627
100 114 0.000627
43 52 0.000626
4 99 0.000622
33 39 0.000621
34 50 0.000619
25 100 0.000618
56 95 0.000615
77 105 0.000614
27 94 0.000611
46 107 0.000609
55 89 0.000608
103 114 0.000607
12 20 0.000606
62 86 0.000605
5 79 0.000602
54 77 0.000602
67 112 0.000599
38 77 0.000599
34 40 0.000599
35 81 0.000594
72 114 0.000592
36 72 0.000590
36 46 0.000588
7 114 0.000586
50 103 0.000579
40 46 0.000577
43 82 0.000576
73 81 0.000574
58 95 0.000571
36 112 0.000570
13 86 0.000569
101 115 0.000567
8 80 0.000566
77 115 0.000564
46 78 0.000564
23 115 0.000560
15 59 0.000559
31 100 0.000553
79 97 0.000551
6 25 0.000550
19 61 0.000550
9 55 0.000548
8 30 0.000547
4 76 0.000547
76 106 0.000546
103 110 0.000546
8 58 0.000545
25 111 0.000542
34 114 0.000540
18 56 0.000540
58 86 0.000538
38 104 0.000538
42 106 0.000533
4 109 0.000532
67 117 0.000531
5 37 0.000529
4 81 0.000528
2 35 0.000524
6 45 0.000523
55 104 0.000520
38 114 0.000520
22 88 0.000518
52 104 0.000517
53 95 0.000516
6 72 0.000513
32 116 0.000513
18 96 0.000511
6 111 0.000507
4 75 0.000507
54 78 0.000503
1 54 0.000502
6 104 0.000495
47 84 0.000495
7 73 0.000494
9 85 0.000493
12 19 0.000489
11 112 0.000487
56 79 0.000486
22 97 0.000486
46 55 0.000481
34 99 0.000480
8 83 0.000479
18 60 0.000479
19 91 0.000477
46 54 0.000475
57 86 0.000472
81 90 0.000468
65 80 0.000467
27 95 0.000467
85 97 0.000466
75 109 0.000465
59 99 0.000465
56 88 0.000463
55 88 0.000461
54 111 0.000461
11 79 0.000460
10 20 0.000460
24 55 0.000459
51 108 0.000458
54 79 0.000456
82 89 0.000455
10 64 0.000454
13 84 0.000453
78 108 0.000452
39 47 0.000451
21 54 0.000450
4 107 0.000447
81 93 0.000446
24 93 0.000446
79 115 0.000444
3 35 0.000439
19 57 0.000439
87 95 0.000438
70 98 0.000435
10 61 0.000435
52 96 0.000434
9 67 0.000433
62 115 0.000432
57 95 0.000432
28 102 0.000431
13 116 0.000430
55 96 0.000421
1 99 0.000419
36 52 0.000418
19 60 0.000418
12 84 0.000418
5 29 0.000416
45 105 0.000416
8 18 0.000415
105 113 0.000414
59 69 0.000413
40 75 0.000413
2 101 0.000413
33 107 0.000411
47 77 0.000410
47 107 0.000408
37 111 0.000408
9 90 0.000407
23 59 0.000407
11 24 0.000407
34 53 0.000406
60 111 0.000405
86 95 0.000404
100 113 0.000404
14 114 0.000403
15 24 0.000402
16 115 0.000401
15 114 0.000401
50 85 0.000400
48 82 0.000398
10 68 0.000398
28 57 0.000396
35 104 0.000395
26 47 0.000391
29 44 0.000389
22 114 0.000389
22 55 0.000388
39 106 0.000387
33 56 0.000382
29 48 0.000382
12 112 0.000382
16 116 0.000381
1 7 0.000380
41 111 0.000379
38 111 0.000379
56 90 0.000377
10 112 0.000377
37 75 0.000376
14 83 0.000376
31 47 0.000375
62 98 0.000372
57 83 0.000372
39 45 0.000372
24 116 0.000372
13 85 0.000372
5 110 0.000371
28 101 0.000371
43 99 0.000370
106 116 0.000370
59 66 0.000369
8 31 0.000365
5 115 0.000364
51 80 0.000363
24 59 0.000361
7 80 0.000360
79 111 0.000358
63 83 0.000357
40 106 0.000357
60 83 0.000355
41 108 0.000355
38 79 0.000355
80 103 0.000354
29 116 0.000353
7 82 0.000352
34 79 0.000352
82 93 0.000351
28 86 0.000351
24 99 0.000351
38 75 0.000350
41 77 0.000348
37 77 0.000348
3 54 0.000348
58 88 0.000347
52 109 0.000347
101 109 0.000347
15 84 0.000346
15 117 0.000346
62 97 0.000345
54 88 0.000345
107 117 0.000345
41 100 0.000342
21 59 0.000342
7 28 0.000341
52 88 0.000340
6 84 0.000339
8 87 0.000338
77 98 0.000338
62 117 0.000338
5 73 0.000338
25 85 0.000337
59 82 0.000336
18 112 0.000336
17 56 0.000336
65 93 0.000334
47 79 0.000333
20 57 0.000333
22 112 0.000332
8 108 0.000331
5 39 0.000331
4 116 0.000331
19 92 0.000329
5 83 0.000328
47 56 0.000326
18 87 0.000326
50 80 0.000325
38 48 0.000325
1 75 0.000325
14 68 0.000323
75 114 0.000322
44 56 0.000322
33 112 0.000322
26 116 0.000322
107 114 0.000320
25 52 0.000318
44 115 0.000316
48 85 0.000313
21 91 0.000313
20 59 0.000313
45 52 0.000311
48 101 0.000310
33 42 0.000310
73 111 0.000309
5 113 0.000309
9 109 0.000307
57 109 0.000305
7 104 0.000299
30 49 0.000299
84 117 0.000298
35 116 0.000298
2 110 0.000298
19 82 0.000297
47 87 0.000296
2 55 0.000296
85 117 0.000295
11 114 0.000295
6 56 0.000294
55 116 0.000294
8 43 0.000293
69 83 0.000293
67 113 0.000293
59 90 0.000293
8 79 0.000292
4 82 0.000292
105 111 0.000291
23 116 0.000289
3 32 0.000288
8 68 0.000287
24 91 0.000287
3 75 0.000286
7 52 0.000285
54 112 0.000285
40 114 0.000285
17 24 0.000285
27 98 0.000284
52 117 0.000283
6 49 0.000282
5 117 0.000282
35 113 0.000282
28 78 0.000281
30 97 0.000280
43 54 0.000276
25 87 0.000276
107 115 0.000276
65 90 0.000275
65 85 0.000274
34 49 0.000274
82 88 0.000273
66 97 0.000272
88 95 0.000271
63 114 0.000271
42 76 0.000271
32 75 0.000271
53 96 0.000270
39 100 0.000270
53 98 0.000269
48 80 0.000269
52 90 0.000268
37 99 0.000268
25 114 0.000268
2 116 0.000267
12 22 0.000267
48 103 0.000266
107 116 0.000266
27 116 0.000265
60 81 0.000264
2 75 0.000264
9 102 0.000262
81 92 0.000262
30 116 0.000262
14 80 0.000262
13 98 0.000262
31 53 0.000261
23 55 0.000261
96 116 0.000260
37 108 0.000260
8 96 0.000259
8 86 0.000259
81 94 0.000259
20 83 0.000257
7 116 0.000256
11 69 0.000256
18 61 0.000255
48 84 0.000254
32 110 0.000253
78 111 0.000251
4 72 0.000250
55 65 0.000247
53 94 0.000247
13 97 0.000247
77 99 0.000246
1 32 0.000245
26 51 0.000244
26 99 0.000243
34 81 0.000242
79 103 0.000241
33 49 0.000241
61 84 0.000240
1 110 0.000240
106 115 0.000240
75 115 0.000239
51 82 0.000239
15 116 0.000239
6 98 0.000238
62 114 0.000238
57 67 0.000238
34 46 0.000237
72 97 0.000236
59 88 0.000236
26 85 0.000234
22 89 0.000234
73 107 0.000233
59 102 0.000233
5 85 0.000233
29 114 0.000233
71 103 0.000231
25 53 0.000231
11 22 0.000230
27 58 0.000228
6 97 0.000227
43 75 0.000227
18 92 0.000227
46 100 0.000226
26 96 0.000226
3 77 0.000225
15 65 0.000225
12 85 0.000225
58 103 0.000224
53 93 0.000222
1 77 0.000222
21 82 0.000221
70 111 0.000220
102 115 0.000220
5 38 0.000218
52 89 0.000218
46 108 0.000218
9 71 0.000217
32 69 0.000217
18 91 0.000217
32 56 0.000216
22 87 0.000215
58 96 0.000214
36 73 0.000214
23 91 0.000214
5 41 0.000211
39 115 0.000211
25 59 0.000211
83 98 0.000210
16 57 0.000210
8 102 0.000206
78 98 0.000206
79 117 0.000205
59 93 0.000205
4 117 0.000205
58 97 0.000204
31 85 0.000204
58 87 0.000202
73 103 0.000201
33 114 0.000201
2 54 0.000200
50 87 0.000199
57 66 0.000198
82 100 0.000197
24 81 0.000197
36 117 0.000196
68 110 0.000195
8 89 0.000194
81 100 0.000194
48 105 0.000194
36 106 0.000194
23 93 0.000194
106 113 0.000194
60 98 0.000192
53 92 0.000192
38 110 0.000192
18 113 0.000192
82 101 0.000191
59 87 0.000191
30 57 0.000191
104 114 0.000191
7 25 0.000190
60 68 0.000189
56 83 0.000189
54 89 0.000189
42 77 0.000188
31 96 0.000187
6 117 0.000184
19 93 0.000184
57 88 0.000183
47 111 0.000183
33 79 0.000183
32 76 0.000183
18 24 0.000183
69 94 0.000182
50 82 0.000182
38 47 0.000182
32 48 0.000181
1 79 0.000181
16 65 0.000181
61 81 0.000177
52 77 0.000177
20 115 0.000177
12 113 0.000176
3 55 0.000175
30 111 0.000175
53 79 0.000173
20 98 0.000171
63 81 0.000170
81 91 0.000169
56 68 0.000169
68 80 0.000168
50 107 0.000168
41 110 0.000168
104 111 0.000168
8 111 0.000167
72 113 0.000167
45 101 0.000167
48 99 0.000165
12 63 0.000165
52 107 0.000164
43 110 0.000164
2 117 0.000164
1 100 0.000164
20 116 0.000163
82 112 0.000162
65 92 0.000162
35 73 0.000162
37 105 0.000161
17 95 0.000161
55 110 0.000160
42 110 0.000160
80 96 0.000159
8 65 0.000158
79 108 0.000158
48 98 0.000156
46 106 0.000156
101 116 0.000156
74 100 0.000155
53 78 0.000155
5 35 0.000154
44 76 0.000154
3 79 0.000154
9 94 0.000153
71 117 0.000153
102 109 0.000153
36 109 0.000152
2 77 0.000152
22 94 0.000152
7 76 0.000151
57 89 0.000151
44 117 0.000151
41 48 0.000151
33 77 0.000151
93 117 0.000150
8 23 0.000150
79 95 0.000150
37 79 0.000150
24 92 0.000150
51 88 0.000149
4 83 0.000149
32 55 0.000149
7 97 0.000148
66 82 0.000148
27 89 0.000148
9 80 0.000147
102 116 0.000147
77 106 0.000146
52 111 0.000146
82 92 0.000145
11 83 0.000145
48 104 0.000144
26 50 0.000144
66 92 0.000143
51 83 0.000143
12 98 0.000143
72 117 0.000141
18 59 0.000141
15 85 0.000141
12 56 0.000140
9 84 0.000139
98 113 0.000139
63 96 0.000139
41 105 0.000138
71 102 0.000137
61 86 0.000137
55 69 0.000137
2 79 0.000137
7 47 0.000136
54 104 0.000136
32 113 0.000136
16 112 0.000136
14 112 0.000136
9 21 0.000135
2 111 0.000135
82 91 0.000134
1 117 0.000134
31 77 0.000133
55 83 0.000132
8 59 0.000131
5 82 0.000131
54 115 0.000131
40 82 0.000131
20 54 0.000131
17 115 0.000131
50 84 0.000130
22 85 0.000130
17 25 0.000130
70 114 0.000129
67 98 0.000127
60 100 0.000127
55 113 0.000127
28 108 0.000127
2 32 0.000127
104 115 0.000127
56 89 0.000126
37 100 0.000126
10 79 0.000126
50 100 0.000125
47 86 0.000125
26 59 0.000125
1 116 0.000125
72 109 0.000124
37 49 0.000124
28 113 0.000123
8 14 0.000122
59 89 0.000122
39 99 0.000122
34 116 0.000121
11 99 0.000121
27 51 0.000120
8 94 0.000119
58 100 0.000119
51 99 0.000119
47 115 0.000119
16 83 0.000119
63 115 0.000118
60 85 0.000118
32 39 0.000118
32 38 0.000118
59 92 0.000117
32 40 0.000117
1 112 0.000117
99 107 0.000116
95 116 0.000116
84 99 0.000116
27 114 0.000116
95 115 0.000115
70 95 0.000115
33 82 0.000115
13 115 0.000115
10 29 0.000115
54 90 0.000114
54 83 0.000114
11 113 0.000114
103 113 0.000114
41 75 0.000113
18 84 0.000113
61 94 0.000112
41 47 0.000111
30 84 0.000111
70 77 0.000110
58 81 0.000110
55 90 0.000110
51 109 0.000110
27 90 0.000110
28 94 0.000109
7 74 0.000108
57 101 0.000108
48 87 0.000108
38 105 0.000108
28 88 0.000108
25 83 0.000108
39 48 0.000107
35 48 0.000107
29 79 0.000107
86 97 0.000106
58 98 0.000106
26 48 0.000106
24 80 0.000106
21 114 0.000106
13 20 0.000106
30 112 0.000105
11 19 0.000105
8 77 0.000104
8 36 0.000104
64 81 0.000104
45 107 0.000104
35 47 0.000104
79 112 0.000103
39 73 0.000103
13 114 0.000103
83 99 0.000102
81 89 0.000102
54 95 0.000102
3 116 0.000102
29 50 0.000102
2 112 0.000102
106 112 0.000102
58 90 0.000101
37 50 0.000101
99 116 0.000100
82 111 0.000100
6 116 0.000100
8 53 0.000099
84 98 0.000099
41 106 0.000099
37 110 0.000099
28 87 0.000099
1 111 0.000099
41 79 0.000098
31 44 0.000098
104 112 0.000098
52 83 0.000097
4 31 0.000097
24 53 0.000097
9 88 0.000096
56 65 0.000096
35 42 0.000096
85 98 0.000095
69 108 0.000095
60 84 0.000095
51 101 0.000095
21 93 0.000095
14 79 0.000095
106 114 0.000095
35 105 0.000094
25 88 0.000094
5 81 0.000093
32 104 0.000093
73 108 0.000092
63 117 0.000092
47 117 0.000092
23 98 0.000092
1 34 0.000092
61 112 0.000091
4 112 0.000091
66 90 0.000090
52 79 0.000090
9 63 0.000089
69 101 0.000089
61 87 0.000089
23 92 0.000089
21 112 0.000089
16 80 0.000089
10 100 0.000089
88 97 0.000088
80 111 0.000088
59 86 0.000088
56 81 0.000088
32 53 0.000088
59 79 0.000087
52 95 0.000087
45 80 0.000087
3 83 0.000087
6 115 0.000086
42 79 0.000086
20 61 0.000086
24 100 0.000085
55 80 0.000084
44 51 0.000084
32 68 0.000084
25 94 0.000084
21 55 0.000084
13 56 0.000084
53 115 0.000083
45 54 0.000082
44 81 0.000082
24 52 0.000082
8 72 0.000081
45 78 0.000081
97 112 0.000080
70 115 0.000080
68 78 0.000080
21 83 0.000080
2 114 0.000080
13 24 0.000080
12 57 0.000080
75 113 0.000079
51 106 0.000079
50 86 0.000079
32 73 0.000079
1 113 0.000079
8 91 0.000078
9 29 0.000077
69 117 0.000077
61 113 0.000077
55 95 0.000077
51 89 0.000077
45 51 0.000077
38 108 0.000077
37 51 0.000077
32 41 0.000077
43 56 0.000076
31 108 0.000076
19 114 0.000076
19 112 0.000076
15 56 0.000076
74 102 0.000075
45 53 0.000075
41 99 0.000075
40 115 0.000075
8 103 0.000074
5 74 0.000074
30 114 0.000074
29 103 0.000074
26 83 0.000074
11 56 0.000074
100 106 0.000074
87 97 0.000073
57 103 0.000073
50 108 0.000073
34 42 0.000073
17 60 0.000072
81 117 0.000071
70 100 0.000071
54 107 0.000071
52 91 0.000071
31 51 0.000071
29 96 0.000071
27 47 0.000071
17 59 0.000071
10 23 0.000071
6 88 0.000070
45 100 0.000070
2 34 0.000070
16 114 0.000070
71 116 0.000069
33 105 0.000069
92 117 0.000068
58 102 0.000068
56 94 0.000068
38 115 0.000068
35 98 0.000068
32 105 0.000068
31 102 0.000068
19 54 0.000068
1 81 0.000068
12 24 0.000068
11 20 0.000068
9 24 0.000067
66 80 0.000067
54 72 0.000067
26 86 0.000067
17 114 0.000067
65 88 0.000066
60 87 0.000066
56 72 0.000066
48 117 0.000066
34 108 0.000066
34 102 0.000066
8 16 0.000065
80 115 0.000065
65 111 0.000065
3 34 0.000065
25 90 0.000065
19 97 0.000065
66 84 0.000064
39 113 0.000064
32 109 0.000064
31 95 0.000064
26 112 0.000064
24 112 0.000064
21 92 0.000064
18 93 0.000064
71 78 0.000063
51 90 0.000063
47 81 0.000063
2 99 0.000063
29 78 0.000063
22 90 0.000063
18 62 0.000063
80 117 0.000062
68 101 0.000062
2 83 0.000062
19 95 0.000062
53 110 0.000061
18 25 0.000061
6 86 0.000060
48 86 0.000060
19 62 0.000060
8 52 0.000059
7 58 0.000059
69 114 0.000059
66 115 0.000059
58 83 0.000059
54 109 0.000059
35 72 0.000059
33 116 0.000059
26 114 0.000059
7 44 0.000058
67 81 0.000058
5 56 0.000058
49 55 0.000058
28 65 0.000058
1 83 0.000058
1 73 0.000058
12 82 0.000058
10 69 0.000058
97 116 0.000057
77 117 0.000057
44 85 0.000057
28 77 0.000057
22 52 0.000057
8 69 0.000056
60 94 0.000056
58 107 0.000056
45 108 0.000056
31 113 0.000056
7 33 0.000055
29 81 0.000055
29 36 0.000055
17 82 0.000055
9 54 0.000054
48 56 0.000054
36 82 0.000054
3 117 0.000054
29 113 0.000054
17 61 0.000054
8 116 0.000053
64 97 0.000053
43 53 0.000053
32 83 0.000053
77 109 0.000052
57 71 0.000052
52 92 0.000052
43 81 0.000052
42 75 0.000052
35 109 0.000052
34 55 0.000052
33 57 0.000052
31 55 0.000052
22 60 0.000052
14 66 0.000052
44 75 0.000051
44 106 0.000051
4 30 0.000051
30 81 0.000051
2 73 0.000051
23 52 0.000051
99 105 0.000050
6 27 0.000050
61 93 0.000050
61 88 0.000050
53 81 0.000050
52 94 0.000050
50 78 0.000050
43 115 0.000050
37 114 0.000050
33 104 0.000050
30 83 0.000050
30 36 0.000050
27 48 0.000050
102 110 0.000050
97 111 0.000049
71 101 0.000049
60 86 0.000049
57 90 0.000049
55 114 0.000049
55 106 0.000049
47 97 0.000049
47 106 0.000049
44 50 0.000049
27 112 0.000049
2 113 0.000049
14 113 0.000049
8 48 0.000048
74 114 0.000048
74 103 0.000048
57 105 0.000048
51 98 0.000048
34 112 0.000048
26 111 0.000048
12 66 0.000048
11 67 0.000048
78 105 0.000047
58 89 0.000047
53 72 0.000047
51 78 0.000047
4 85 0.000047
47 83 0.000047
37 106 0.000047
33 110 0.000047
31 56 0.000047
25 113 0.000047
10 80 0.000047
96 112 0.000046
60 93 0.000046
5 116 0.000046
4 111 0.000046
39 109 0.000046
16 64 0.000046
9 87 0.000045
98 105 0.000045
39 117 0.000045
28 51 0.000045
28 47 0.000045
25 89 0.000045
23 53 0.000045
13 66 0.000045
80 112 0.000044
58 82 0.000044
54 94 0.000044
40 73 0.000044
59 101 0.000043
43 50 0.000043
39 112 0.000043
3 81 0.000043
12 25 0.000043
102 114 0.000043
101 110 0.000043
7 83 0.000042
61 90 0.000042
50 106 0.000042
38 106 0.000042
30 101 0.000042
89 98 0.000041
7 70 0.000041
70 78 0.000041
66 117 0.000041
64 83 0.000041
64 100 0.000041
44 57 0.000041
34 110 0.000041
32 51 0.000041
98 107 0.000040
84 115 0.000040
83 117 0.000040
61 92 0.000040
39 46 0.000040
2 81 0.000040
13 82 0.000040
101 114 0.000040
86 117 0.000039
62 79 0.000039
47 88 0.000039
40 81 0.000039
34 76 0.000039
34 107 0.000039
32 57 0.000039
3 112 0.000039
30 43 0.000039
20 112 0.000039
90 98 0.000038
81 101 0.000038
68 102 0.000038
6 107 0.000038
56 104 0.000038
51 91 0.000038
34 77 0.000038
24 114 0.000038
8 81 0.000037
87 117 0.000037
82 108 0.000037
6 57 0.000037
60 88 0.000037
51 117 0.000037
49 102 0.000037
48 77 0.000037
45 55 0.000037
42 50 0.000037
40 112 0.000037
38 73 0.000037
36 74 0.000037
36 54 0.000037
30 69 0.000037
30 45 0.000037
1 82 0.000037
58 101 0.000036
49 105 0.000036
44 84 0.000036
40 117 0.000036
36 81 0.000036
36 51 0.000036
35 106 0.000036
13 83 0.000036
91 117 0.000035
8 95 0.000035
8 40 0.000035
56 109 0.000035
5 34 0.000035
48 78 0.000035
39 74 0.000035
31 50 0.000035
28 90 0.000035
22 61 0.000035
22 111 0.000035
17 23 0.000035
10 83 0.000035
102 113 0.000035
9 83 0.000034
6 75 0.000034
42 100 0.000034
36 50 0.000034
3 110 0.000034
2 74 0.000034
23 112 0.000034
69 93 0.000033
69 92 0.000033
57 110 0.000033
42 48 0.000033
41 82 0.000033
29 109 0.000033
25 108 0.000033
22 53 0.000033
20 60 0.000033
18 85 0.000033
9 86 0.000032
90 117 0.000032
7 59 0.000032
74 108 0.000032
65 91 0.000032
65 89 0.000032
51 97 0.000032
46 82 0.000032
46 77 0.000032
40 109 0.000032
37 115 0.000032
33 69 0.000032
30 79 0.000032
27 111 0.000032
26 32 0.000032
13 81 0.000032
1 114 0.000032
11 111 0.000032
101 113 0.000032
9 18 0.000031
8 92 0.000031
43 98 0.000031
37 54 0.000031
35 69 0.000031
31 37 0.000031
3 111 0.000031
30 37 0.000031
26 98 0.000031
22 82 0.000031
98 109 0.000030
9 103 0.000030
7 81 0.000030
68 103 0.000030
60 97 0.000030
58 94 0.000030
50 101 0.000030
31 110 0.000030
25 80 0.000030
21 60 0.000030
99 114 0.000029
9 91 0.000029
9 78 0.000029
70 80 0.000029
6 87 0.000029
60 90 0.000029
56 107 0.000029
51 111 0.000029
29 37 0.000029
29 35 0.000029
27 59 0.000029
22 98 0.000029
20 55 0.000029
18 111 0.000029
1 74 0.000029
81 115 0.000028
7 88 0.000028
7 26 0.000028
57 77 0.000028
56 93 0.000028
56 92 0.000028
43 51 0.000028
41 49 0.000028
36 113 0.000028
31 86 0.000028
22 113 0.000028
16 113 0.000028
15 115 0.000028
11 80 0.000028
96 111 0.000027
65 113 0.000027
5 69 0.000027
55 81 0.000027
52 93 0.000027
52 75 0.000027
44 112 0.000027
43 117 0.000027
38 117 0.000027
33 72 0.000027
29 84 0.000027
21 111 0.000027
19 83 0.000027
19 25 0.000027
16 54 0.000027
15 113 0.000027
98 104 0.000026
94 115 0.000026
91 98 0.000026
9 16 0.000026
7 43 0.000026
66 114 0.000026
61 67 0.000026
60 92 0.000026
59 91 0.000026
52 112 0.000026
50 117 0.000026
37 73 0.000026
34 103 0.000026
17 80 0.000026
1 72 0.000026
13 19 0.000026
104 113 0.000026
9 93 0.000025
88 117 0.000025
81 88 0.000025
73 99 0.000025
68 82 0.000025
44 97 0.000025
38 46 0.000025
35 45 0.000025
3 113 0.000025
92 98 0.000024
66 116 0.000024
55 71 0.000024
54 93 0.000024
32 96 0.000024
31 94 0.000024
30 65 0.000024
30 38 0.000024
29 105 0.000024
25 65 0.000024
11 100 0.000024
10 55 0.000024
9 70 0.000023
85 116 0.000023
8 109 0.000023
7 36 0.000023
72 105 0.000023
7 106 0.000023
54 81 0.000023
45 106 0.000023
4 115 0.000023
3 73 0.000023
37 117 0.000023
27 50 0.000023
27 33 0.000023
17 62 0.000023
16 81 0.000023
89 117 0.000022
81 87 0.000022
65 87 0.000022
62 80 0.000022
57 94 0.000022
55 94 0.000022
5 28 0.000022
50 83 0.000022
46 79 0.000022
3 82 0.000022
38 100 0.000022
3 74 0.000022
35 52 0.000022
33 109 0.000022
32 65 0.000022
28 59 0.000022
2 100 0.000022
9 92 0.000021
9 73 0.000021
8 93 0.000021
85 115 0.000021
80 107 0.000021
71 109 0.000021
67 96 0.000021
67 95 0.000021
65 86 0.000021
57 107 0.000021
43 57 0.000021
43 109 0.000021
42 114 0.000021
41 73 0.000021
3 99 0.000021
38 99 0.000021
36 69 0.000021
34 100 0.000021
29 43 0.000021
26 49 0.000021
8 34 0.000020
58 99 0.000020
58 110 0.000020
55 93 0.000020
52 106 0.000020
50 56 0.000020
4 97 0.000020
49 104 0.000020
48 108 0.000020
43 114 0.000020
3 85 0.000020
37 53 0.000020
33 98 0.000020
33 75 0.000020
31 87 0.000020
30 78 0.000020
30 46 0.000020
28 34 0.000020
27 79 0.000020
2 72 0.000020
25 32 0.000020
14 23 0.000020
13 57 0.000020
13 113 0.000020
104 110 0.000020
89 99 0.000019
85 99 0.000019
69 75 0.000019
6 89 0.000019
67 100 0.000019
63 93 0.000019
63 85 0.000019
61 89 0.000019
53 75 0.000019
52 81 0.000019
36 98 0.000019
36 57 0.000019
33 76 0.000019
31 69 0.000019
29 58 0.000019
28 69 0.000019
2 82 0.000019
2 115 0.000019
18 98 0.000019
10 81 0.000019
87 98 0.000018
87 116 0.000018
8 113 0.000018
63 94 0.000018
61 98 0.000018
60 67 0.000018
57 63 0.000018
54 91 0.000018
4 98 0.000018
44 114 0.000018
38 82 0.000018
38 74 0.000018
36 116 0.000018
3 100 0.000018
30 85 0.000018
30 41 0.000018
29 110 0.000018
29 107 0.000018
28 36 0.000018
24 111 0.000018
23 114 0.000018
18 64 0.000018
15 22 0.000018
9 26 0.000017
74 112 0.000017
71 99 0.000017
62 68 0.000017
56 77 0.000017
56 114 0.000017
52 115 0.000017
50 109 0.000017
4 84 0.000017
46 56 0.000017
44 87 0.000017
37 112 0.000017
34 75 0.000017
33 113 0.000017
26 33 0.000017
22 95 0.000017
19 55 0.000017
1 84 0.000017
13 112 0.000017
1 29 0.000017
1 115 0.000017
98 110 0.000016
96 114 0.000016
9 110 0.000016
8 19 0.000016
76 112 0.000016
69 102 0.000016
56 113 0.000016
54 92 0.000016
47 75 0.000016
45 77 0.000016
43 85 0.000016
42 99 0.000016
41 52 0.000016
37 74 0.000016
3 72 0.000016
35 97 0.000016
31 107 0.000016
28 58 0.000016
27 93 0.000016
25 31 0.000016
18 57 0.000016
13 25 0.000016
12 81 0.000016
10 44 0.000016
10 114 0.000016
9 89 0.000015
9 75 0.000015
7 86 0.000015
75 117 0.000015
67 79 0.000015
60 99 0.000015
58 92 0.000015
5 88 0.000015
58 109 0.000015
56 64 0.000015
54 116 0.000015
43 112 0.000015
41 50 0.000015
40 52 0.000015
33 97 0.000015
32 50 0.000015
31 90 0.000015
31 49 0.000015
30 68 0.000015
28 35 0.000015
26 88 0.000015
18 80 0.000015
1 85 0.000015
17 112 0.000015
16 63 0.000015
15 97 0.000015
10 72 0.000015
94 116 0.000014
9 32 0.000014
88 98 0.000014
8 45 0.000014
7 67 0.000014
61 91 0.000014
58 93 0.000014
57 80 0.000014
56 91 0.000014
5 30 0.000014
50 88 0.000014
48 83 0.000014
44 110 0.000014
42 52 0.000014
39 72 0.000014
37 109 0.000014
36 49 0.000014
35 74 0.000014
34 69 0.000014
31 38 0.000014
30 72 0.000014
29 77 0.000014
28 89 0.000014
26 87 0.000014
16 79 0.000014
14 28 0.000014
12 68 0.000014
12 111 0.000014
90 99 0.000013
8 35 0.000013
7 84 0.000013
7 66 0.000013
74 104 0.000013
74 101 0.000013
69 113 0.000013
68 107 0.000013
64 99 0.000013
61 68 0.000013
60 102 0.000013
51 96 0.000013
51 92 0.000013
51 77 0.000013
4 73 0.000013
45 117 0.000013
45 111 0.000013
42 49 0.000013
4 113 0.000013
40 98 0.000013
39 81 0.000013
36 55 0.000013
3 29 0.000013
30 77 0.000013
29 72 0.000013
29 49 0.000013
28 68 0.000013
24 30 0.000013
21 113 0.000013
1 8 0.000013
17 54 0.000013
15 82 0.000013
15 112 0.000013
86 98 0.000012
84 112 0.000012
8 41 0.000012
7 64 0.000012
73 110 0.000012
73 104 0.000012
72 116 0.000012
69 116 0.000012
6 90 0.000012
65 77 0.000012
62 112 0.000012
50 90 0.000012
50 111 0.000012
49 85 0.000012
49 80 0.000012
49 103 0.000012
46 76 0.000012
43 49 0.000012
40 74 0.000012
40 50 0.000012
39 82 0.000012
34 113 0.000012
33 68 0.000012
30 39 0.000012
30 100 0.000012
28 72 0.000012
26 80 0.000012
23 60 0.000012
18 82 0.000012
17 83 0.000012
17 113 0.000012
99 109 0.000011
88 99 0.000011
8 51 0.000011
8 46 0.000011
82 114 0.000011
80 104 0.000011
78 112 0.000011
77 114 0.000011
76 109 0.000011
66 91 0.000011
66 85 0.000011
66 77 0.000011
60 89 0.000011
58 91 0.000011
58 67 0.000011
5 86 0.000011
5 84 0.000011
55 92 0.000011
55 91 0.000011
53 76 0.000011
51 95 0.000011
50 79 0.000011
48 79 0.000011
48 107 0.000011
47 76 0.000011
44 83 0.000011
42 82 0.000011
4 28 0.000011
42 117 0.000011
42 109 0.000011
41 114 0.000011
40 49 0.000011
40 113 0.000011
3 84 0.000011
31 88 0.000011
30 113 0.000011
29 41 0.000011
2 85 0.000011
27 65 0.000011
27 34 0.000011
25 33 0.000011
1 97 0.000011
19 113 0.000011
18 95 0.000011
1 86 0.000011
17 57 0.000011
10 27 0.000011
10 113 0.000011
93 116 0.000010
72 95 0.000010
72 82 0.000010
6 76 0.000010
55 78 0.000010
55 75 0.000010
5 114 0.000010
50 77 0.000010
47 96 0.000010
40 72 0.000010
3 86 0.000010
31 43 0.000010
3 114 0.000010
30 98 0.000010
29 69 0.000010
29 38 0.000010
28 62 0.000010
24 60 0.000010
23 29 0.000010
22 29 0.000010
21 61 0.000010
21 100 0.000010
12 69 0.000010
10 111 0.000010
